318,9
318,8
318,7
318,6
413,7
413,6
187,6
187,5
187,4
0,548
116,9
425,4
425,3
425,2
425,1
425,0
424,3
424,2
424,1
424,0
423,4
423,3
423,2
423,1
423,0
420,4
422,4
422,3
422,2
422,1
422,0
421,6
421,5
421,4
421,3
421,2
421,1
421,0
407,10
407,9
403,7
403,6
420,3
420,2
420,1
420,0
419,5
419,4
419,3
419,2
419,1
419,0
397,9
397,8
6,7
415,5
2,16
282,6
315,7
282,5
315,6
418,3
418,2
418,1
418,0
417,5
417,4
417,3
417,2
417,1
417,0
416,5
416,4
416,3
416,2
416,1
416,0
415,3
415,2
415,1
415,0
2,15
379,5
343,4
404,7
414,3
414,2
414,1
414,0
411,4
315,5
99,4
397,6
413,5
413,4
413,3
413,2
413,1
413,0
412,5
412,4
412,3
412,2
412,1
412,0
411,3
411,2
411,1
411,0
410,3
410,2
410,1
410,0
40,4
409,4
409,3
409,2
409,1
409,0
408,5
408,4
408,3
408,2
408,1
408,0
407,8
407,7
407,6
407,5
407,4
407,3
407,2
407,1
407,0
406,8
406,7
406,6
406,5
406,4
406,3
406,2
406,1
406,0
405,3
405,2
405,1
405,0
404,6
404,5
404,4
404,3
404,2
404,1
404,0
403,5
403,3
403,2
403,1
403,0
2,14
402,5
402,4
402,3
402,2
402,1
402,0
401,6
401,5
401,4
401,3
401,2
401,1
401,0
400,6
400,5
400,4
400,3
400,2
400,1
400,0
140,4
286,12
296,11
6,6
399,5
399,4
399,3
399,2
399,1
399,0
398,5
398,4
398,3
398,2
398,1
398,0
397,3
397,2
397,1
397,0
396,5
396,3
396,2
396,1
396,0
395,3
395,2
395,1
395,0
394,3
394,2
394,1
394,0
393,3
393,2
393,1
393,0
337,6
392,4
392,3
392,2
392,1
392,0
391,3
391,2
391,1
391,0
390,8
390,7
390,6
390,5
390,4
390,3
390,2
390,1
390,0
389,4
389,3
389,2
389,1
389,0
388,3
388,2
388,1
388,0
387,3
387,2
387,1
387,0
386,7
386,6
386,5
386,4
386,3
386,2
386,1
386,0
385,5
385,4
385,3
385,2
385,1
385,0
384,4
384,3
384,2
384,1
384,0
383,3
383,2
383,1
383,0
382,3
382,2
382,1
382,0
379,4
376,6
0,498
376,5
372,6
0,496
372,5
368,4
367,6
367,5
364,5
381,3
381,2
381,1
381,0
380,3
380,2
380,1
380,0
379,3
379,2
379,1
379,0
378,3
378,2
378,1
378,0
377,3
377,2
377,1
377,0
365,7
365,6
376,3
376,2
376,1
376,0
375,3
375,2
375,1
375,0
374,3
374,2
374,1
374,0
373,3
373,2
373,1
373,0
372,3
372,2
372,1
372,0
371,3
371,2
371,1
371,0
370,3
370,2
370,1
370,0
369,3
369,2
369,1
369,0
368,3
368,2
368,1
368,0
367,3
367,2
367,1
367,0
366,3
366,2
366,1
366,0
365,4
365,3
365,2
365,1
365,0
364,4
364,3
364,2
364,1
364,0
303,12
303,11
303,10
303,9
303,8
303,7
303,6
303,5
363,4
363,3
363,2
363,1
363,0
362,4
362,3
362,2
362,1
362,0
361,6
361,5
361,4
361,3
361,2
361,1
361,0
360,5
360,4
360,3
360,2
360,1
360,0
359,3
359,2
359,1
359,0
358,3
358,2
358,1
358,0
288,5
288,4
289,5
289,4
287,5
287,4
286,5
286,4
283,5
283,4
282,4
357,4
357,3
357,2
357,1
357,0
356,4
356,3
356,2
356,1
356,0
355,4
355,3
355,2
355,1
355,0
354,4
354,3
354,2
354,1
354,0
353,4
353,3
353,2
353,1
353,0
352,4
352,3
352,2
352,1
352,0
351,4
351,3
351,2
351,1
351,0
350,4
350,3
350,2
350,1
350,0
349,4
349,3
349,2
349,1
349,0
348,4
348,3
348,2
348,1
348,0
347,5
347,4
347,3
347,2
347,1
347,0
346,5
346,4
346,3
346,2
346,1
346,0
345,4
345,3
345,2
345,1
345,0
344,4
344,3
344,2
344,1
344,0
343,3
343,2
343,1
343,0
342,5
342,4
342,3
342,2
342,1
342,0
341,5
341,4
341,3
341,2
341,1
341,0
340,5
340,4
340,3
340,2
340,1
340,0
339,5
339,4
339,3
339,2
339,1
339,0
338,5
338,4
338,3
338,2
338,1
338,0
337,5
337,4
337,3
337,2
337,1
337,0
336,5
336,4
336,3
336,2
336,1
336,0
335,3
335,2
335,1
335,0
334,5
333,5
332,5
334,4
333,4
332,4
334,3
334,2
334,1
334,0
333,3
333,2
333,1
333,0
332,3
332,2
332,1
332,0
331,3
331,2
331,1
331,0
330,4
330,3
330,2
330,1
330,0
329,3
329,2
329,1
329,0
328,6
327,6
326,6
328,5
328,4
328,3
328,2
328,1
328,0
327,5
327,4
327,3
327,2
327,1
327,0
326,5
326,4
326,3
326,2
326,1
326,0
6,5
6,4
325,5
83,5
63,5
183,7
183,6
236,5
265,5
86,5
247,6
244,6
304,6
257,5
261,5
199,5
62,5
123,5
81,5
132,5
80,5
221,5
317,5
230,7
230,6
320,8
320,7
2,11
147,5
218,5
316,5
297,5
298,5
79,7
79,6
318,5
292,5
75,6
125,5
156,5
306,6
178,6
302,5
181,8
181,7
269,5
325,3
325,2
325,1
325,0
324,3
324,2
324,1
324,0
0,447
323,3
323,2
323,1
323,0
322,4
322,3
322,2
322,1
322,0
321,5
321,4
321,3
321,2
321,1
321,0
314,5
320,5
320,4
320,3
320,2
320,1
320,0
319,6
319,5
319,4
319,3
319,2
319,1
319,0
318,4
318,3
318,2
318,1
318,0
317,4
317,3
317,2
317,1
317,0
316,4
316,3
316,2
316,1
316,0
315,4
315,3
315,2
315,1
315,0
314,3
314,2
314,1
314,0
313,3
313,2
313,1
313,0
312,3
312,2
312,1
312,0
311,3
311,2
311,1
311,0
310,3
310,2
310,1
310,0
309,6
309,5
309,4
309,3
309,2
309,1
309,0
308,5
308,4
308,3
308,2
308,1
308,0
307,5
307,4
307,3
307,2
307,1
307,0
306,5
306,4
306,3
306,2
306,1
306,0
305,5
305,4
305,3
305,2
305,1
305,0
304,4
304,3
304,2
304,1
304,0
303,4
303,3
303,2
303,1
303,0
302,3
302,2
302,1
302,0
301,3
301,2
301,1
301,0
222,7
222,6
56,7
300,3
300,2
300,1
300,0
299,3
299,2
299,1
299,0
298,3
298,2
298,1
298,0
297,3
297,2
297,1
297,0
296,4
296,3
296,2
296,1
296,0
295,3
295,2
295,1
295,0
294,3
294,2
294,1
294,0
293,4
293,3
293,2
293,1
293,0
292,4
292,3
292,2
292,1
292,0
291,3
291,2
291,1
291,0
290,3
290,2
290,1
290,0
289,3
289,2
289,1
289,0
288,3
288,2
288,1
288,0
287,3
287,2
287,1
287,0
286,3
286,2
286,1
286,0
285,3
285,2
285,1
285,0
284,3
284,2
284,1
284,0
283,3
283,2
283,1
283,0
282,3
282,2
282,1
282,0
281,3
281,2
281,1
281,0
280,3
280,2
280,1
280,0
279,3
279,2
279,1
279,0
278,3
278,2
278,1
278,0
277,3
277,2
277,1
277,0
276,3
276,2
276,1
276,0
2,9
275,3
275,2
275,1
275,0
274,3
274,2
274,1
274,0
273,3
273,2
273,1
273,0
272,3
272,2
272,1
272,0
271,3
271,2
271,1
271,0
270,3
270,2
270,1
270,0
269,3
269,2
269,1
269,0
268,3
268,2
268,1
268,0
267,3
267,2
267,1
267,0
266,3
266,2
266,1
266,0
265,3
265,2
265,1
265,0
264,3
264,2
264,1
264,0
263,3
263,2
263,1
263,0
262,3
262,2
262,1
262,0
261,3
261,2
261,1
261,0
260,3
260,2
260,1
260,0
259,3
259,2
259,1
259,0
258,3
258,2
258,1
258,0
257,3
257,2
257,1
257,0
256,3
256,2
256,1
256,0
255,3
255,2
255,1
255,0
254,3
254,2
254,1
254,0
253,3
253,2
253,1
253,0
252,3
252,2
252,1
252,0
251,3
251,2
251,1
251,0
250,5
250,4
250,3
250,2
250,1
250,0
249,3
249,2
249,1
249,0
248,3
248,2
248,1
248,0
247,5
247,3
247,2
247,1
247,0
246,3
246,2
246,1
246,0
245,3
245,2
245,1
245,0
244,5
244,3
244,2
244,1
244,0
243,3
243,2
243,1
243,0
242,3
242,2
242,1
242,0
241,4
241,3
241,2
241,1
241,0
240,3
240,2
240,1
240,0
118,6
118,5
173,5
88,5
195,5
150,4
151,4
149,6
215,5
76,5
56,6
204,4
239,4
239,3
239,2
239,1
239,0
238,3
238,2
238,1
238,0
237,3
237,2
237,1
237,0
236,3
236,2
236,1
236,0
235,3
235,2
235,1
235,0
234,3
234,2
234,1
234,0
233,5
233,4
233,3
233,2
233,1
233,0
2,8
232,4
232,3
232,2
232,1
232,0
231,5
231,4
231,3
231,2
231,1
231,0
230,3
230,2
230,1
230,0
229,4
229,3
229,2
229,1
229,0
0,440
2,7
228,4
228,3
228,2
228,1
228,0
227,3
227,2
227,1
227,0
87,8
226,4
226,3
226,2
226,1
226,0
225,3
225,2
225,1
225,0
224,3
224,2
224,1
224,0
223,3
223,2
223,1
223,0
222,5
222,4
222,3
222,2
222,1
222,0
221,3
221,2
221,1
221,0
220,4
220,3
220,2
220,1
220,0
219,3
219,2
219,1
219,0
218,3
218,2
218,1
218,0
217,4
217,3
217,2
217,1
217,0
216,3
216,2
216,1
216,0
215,3
215,2
215,1
215,0
214,3
214,2
214,1
214,0
213,4
213,3
213,2
213,1
213,0
212,3
212,2
212,1
212,0
211,4
211,3
211,2
211,1
211,0
210,3
210,2
210,1
210,0
116,8
153,9
116,7
209,3
209,2
209,1
209,0
208,3
208,2
208,1
208,0
207,3
207,2
207,1
207,0
206,3
206,2
206,1
206,0
205,3
205,2
205,1
205,0
204,3
204,2
204,1
204,0
203,3
203,2
203,1
203,0
202,3
202,2
202,1
202,0
201,3
201,2
201,1
201,0
181,6
75,5
200,3
200,2
200,1
200,0
199,3
199,2
199,1
199,0
198,3
198,2
198,1
198,0
197,3
197,2
197,1
197,0
196,3
196,2
196,1
196,0
195,3
195,2
195,1
195,0
194,4
194,3
194,2
194,1
194,0
193,3
193,2
193,1
193,0
192,3
192,2
192,1
192,0
191,3
191,2
191,1
191,0
178,5
190,3
190,2
190,1
190,0
189,3
189,2
189,1
189,0
188,3
188,2
188,1
188,0
187,3
187,2
187,1
187,0
186,3
186,2
186,1
186,0
185,3
185,2
185,1
185,0
184,3
184,2
184,1
184,0
183,3
183,2
183,1
183,0
182,4
182,3
182,2
182,1
182,0
181,3
181,2
181,1
181,0
180,4
180,3
180,2
180,1
180,0
179,4
179,3
179,2
179,1
179,0
178,3
178,2
178,1
178,0
177,3
177,2
177,1
177,0
176,3
176,2
176,1
176,0
175,3
175,2
175,1
175,0
174,3
174,2
174,1
174,0
173,3
173,2
173,1
173,0
172,5
172,4
172,3
172,2
172,1
172,0
171,3
171,2
171,1
171,0
170,3
170,2
170,1
170,0
169,3
169,2
169,1
169,0
168,3
168,2
168,1
168,0
167,3
167,2
167,1
167,0
166,3
166,2
166,1
166,0
165,3
165,2
165,1
165,0
164,3
164,2
164,1
164,0
163,3
163,2
163,1
163,0
162,3
162,2
162,1
162,0
161,3
161,2
161,1
161,0
160,3
160,2
160,1
160,0
149,5
159,7
159,6
159,5
159,3
159,2
159,1
159,0
158,6
158,5
158,4
158,3
158,2
158,1
158,0
157,3
157,2
157,1
157,0
156,3
156,2
156,1
156,0
155,4
155,3
155,2
155,1
155,0
154,5
154,4
154,3
154,2
154,1
154,0
153,5
153,4
153,3
153,2
153,1
153,0
87,7
87,6
152,3
152,2
152,1
152,0
151,3
151,2
151,1
151,0
150,3
150,2
150,1
150,0
149,3
149,2
149,1
149,0
148,3
148,2
148,1
148,0
147,3
147,2
147,1
147,0
146,3
146,2
146,1
146,0
145,3
145,2
145,1
145,0
144,3
144,2
144,1
144,0
143,3
143,2
143,1
143,0
142,3
142,2
142,1
142,0
141,3
141,2
141,1
141,0
140,3
140,2
140,1
140,0
139,3
139,2
139,1
139,0
138,3
138,2
138,1
138,0
137,3
137,2
137,1
137,0
136,3
136,2
136,1
136,0
135,3
135,2
135,1
135,0
134,3
134,2
134,1
134,0
133,3
133,2
133,1
133,0
132,3
132,2
132,1
132,0
131,3
131,2
131,1
131,0
87,5
130,5
130,4
130,3
130,2
130,1
130,0
129,5
129,4
129,3
129,2
129,1
129,0
128,5
128,4
128,3
128,2
128,1
128,0
127,4
127,3
127,2
127,1
127,0
126,4
126,3
126,2
126,1
126,0
2,6
125,3
125,2
125,1
125,0
116,5
124,3
124,2
124,1
124,0
123,3
123,2
123,1
123,0
122,5
122,4
122,3
122,2
122,1
122,0
121,4
121,3
121,2
121,1
121,0
120,3
120,2
120,1
120,0
119,3
119,2
119,1
119,0
118,3
118,2
118,1
118,0
117,4
117,3
117,2
117,1
117,0
116,4
116,3
116,2
116,1
116,0
115,3
115,2
115,1
115,0
114,3
114,2
114,1
114,0
113,3
113,2
113,1
113,0
112,3
112,2
112,1
112,0
111,3
111,2
111,1
111,0
110,3
110,2
110,1
110,0
109,3
109,2
109,1
109,0
108,3
108,2
108,1
108,0
107,3
107,2
107,1
107,0
106,3
106,2
106,1
106,0
105,3
105,2
105,1
105,0
104,3
104,2
104,1
104,0
103,3
103,2
103,1
103,0
102,3
102,2
102,1
102,0
101,3
101,2
101,1
101,0
100,3
100,2
100,1
100,0
99,3
99,2
99,1
99,0
98,3
98,2
98,1
98,0
97,3
97,2
97,1
97,0
96,3
96,2
96,1
96,0
95,3
95,2
95,1
95,0
94,3
94,2
94,1
94,0
93,3
93,2
93,1
93,0
92,3
92,2
92,1
92,0
91,3
91,2
91,1
91,0
90,5
90,4
90,3
90,2
90,1
90,0
89,6
89,5
89,4
89,3
89,2
89,1
89,0
88,3
88,2
88,1
88,0
87,4
87,3
87,2
87,1
87,0
86,3
86,2
86,1
86,0
85,3
85,2
85,1
85,0
84,4
84,3
84,2
84,1
84,0
83,3
83,2
83,1
83,0
82,4
82,3
82,2
82,1
82,0
81,3
81,2
81,1
81,0
80,3
80,2
80,1
80,0
79,3
79,2
79,1
79,0
78,4
78,3
78,2
78,1
78,0
77,4
77,3
77,2
77,1
77,0
76,3
76,2
76,1
76,0
75,3
75,2
75,1
75,0
74,4
74,3
74,2
74,1
74,0
0,436
73,4
73,3
73,2
73,1
73,0
72,3
72,2
72,1
72,0
71,4
71,3
71,2
71,1
71,0
70,3
70,2
70,1
70,0
69,5
69,4
69,3
69,2
69,1
69,0
68,4
68,3
68,2
68,1
68,0
67,4
67,3
67,2
67,1
67,0
66,4
66,3
66,2
66,1
66,0
65,3
65,2
65,1
65,0
64,4
64,3
64,2
64,1
64,0
63,3
63,2
63,1
63,0
62,3
62,2
62,1
62,0
61,3
61,2
61,1
61,0
56,5
41,4
60,3
60,2
60,1
60,0
51,4
59,3
59,2
59,1
59,0
56,4
58,3
58,2
58,1
58,0
46,4
57,3
57,2
57,1
57,0
56,3
56,2
56,1
56,0
55,3
55,2
55,1
55,0
54,3
54,2
54,1
54,0
53,3
53,2
53,1
53,0
52,3
52,2
52,1
52,0
51,3
51,2
51,1
51,0
50,3
50,2
50,1
50,0
49,3
49,2
49,1
49,0
2,4
48,3
48,2
48,1
48,0
47,3
47,2
47,1
47,0
46,3
46,2
46,1
46,0
45,3
45,2
45,1
45,0
44,3
44,2
44,1
44,0
43,3
43,2
43,1
43,0
42,3
42,2
42,1
42,0
41,3
41,2
41,1
41,0
40,3
40,2
40,1
40,0
39,3
39,2
39,1
39,0
38,3
38,2
38,1
38,0
37,3
37,2
37,1
37,0
36,3
36,2
36,1
36,0
35,3
35,2
35,1
35,0
34,3
34,2
34,1
34,0
33,3
33,2
33,1
33,0
32,3
32,2
32,1
32,0
31,3
31,2
31,1
31,0
30,3
30,2
30,1
30,0
29,3
29,2
29,1
29,0
28,3
28,2
28,1
28,0
27,3
27,2
27,1
27,0
26,3
26,2
26,1
26,0
25,3
25,2
25,1
25,0
24,3
24,2
24,1
24,0
23,3
23,2
23,1
23,0
22,3
22,2
22,1
22,0
21,3
21,2
21,1
21,0
20,3
20,2
20,1
20,0
19,3
19,2
19,1
19,0
18,3
18,2
18,1
18,0
17,3
17,2
17,1
17,0
16,3
16,2
16,1
16,0
15,3
15,2
15,1
15,0
14,3
